disp('Learing on Arrays');
Learing on Arrays
x = [ 1 2 3 4 5 6 7 8 9 ]

x =

     1     2     3     4     5     6     7     8     9

y = sin(x)

y =

  Columns 1 through 6

   0.841470984807897   0.909297426825682   0.141120008059867  -0.756802495307928  -0.958924274663138  -0.279415498198926

  Columns 7 through 9

   0.656986598718789   0.989358246623382   0.412118485241757

format short
clc
y

y =

    0.8415    0.9093    0.1411   -0.7568   -0.9589   -0.2794    0.6570    0.9894    0.4121

x(0)
{??? Subscript indices must either be real positive integers or logicals.
} 
x(1)

ans =

     1

disp('数组下标从1开始');
数组下标从1开始
x(3)

ans =

     3

x(2:5) % 

ans =

     2     3     4     5

x(1:end)

ans =

     1     2     3     4     5     6     7     8     9

x(5:end)

ans =

     5     6     7     8     9

size(x)

ans =

     1     9

numel(x)

ans =

     9

x(1:2:end) %output the odd index

ans =

     1     3     5     7     9

x(1:3:end)

ans =

     1     4     7

y([1,3,4,5])

ans =

    0.8415    0.1411   -0.7568   -0.9589

y

y =

    0.8415    0.9093    0.1411   -0.7568   -0.9589   -0.2794    0.6570    0.9894    0.4121

y(x(3:2:end))

ans =

    0.1411   -0.9589    0.6570    0.4121

y([6,5,8,2])

ans =

   -0.2794   -0.9589    0.9894    0.9093

clc
clear
x = (0.1*pi : 0.1*pi :pi)

x =

    0.3142    0.6283    0.9425    1.2566    1.5708    1.8850    2.1991    2.5133    2.8274    3.1416

y = sin(x)

y =

    0.3090    0.5878    0.8090    0.9511    1.0000    0.9511    0.8090    0.5878    0.3090    0.0000

clear
clc
x = (0.1: 0.1:1)*pi

x =

    0.3142    0.6283    0.9425    1.2566    1.5708    1.8850    2.1991    2.5133    2.8274    3.1416

y = sin(x)

y =

    0.3090    0.5878    0.8090    0.9511    1.0000    0.9511    0.8090    0.5878    0.3090    0.0000

clc
x = linespace(0.1,1,10)
{??? Undefined function or method 'linespace' for input arguments of type 'double'.
} 
x = linspace(0.1,1,10)

x =

    0.1000    0.2000    0.3000    0.4000    0.5000    0.6000    0.7000    0.8000    0.9000    1.0000

plox(x,y)
{??? Undefined function or method 'plox' for input arguments of type 'double'.
} 
plot(x,y)
close figure 1
clc
x = logspace(0,2,10)

x =

    1.0000    1.6681    2.7826    4.6416    7.7426   12.9155   21.5443   35.9381   59.9484  100.0000

plot(x)
plot(x,'-o')
x - circshift(x,[0,-1])

ans =

   -0.6681   -1.1145   -1.8590   -3.1010   -5.1729   -8.6289  -14.3938  -24.0103  -40.0516   99.0000

y = x - circshift(x,[0,-1])

y =

   -0.6681   -1.1145   -1.8590   -3.1010   -5.1729   -8.6289  -14.3938  -24.0103  -40.0516   99.0000

plot(y,'-o')
clc
a = (1:10)

a =

     1     2     3     4     5     6     7     8     9    10

b = (3:9)

b =

     3     4     5     6     7     8     9

c=[a b]

c =

     1     2     3     4     5     6     7     8     9    10     3     4     5     6     7     8     9

c=[a,b]

c =

     1     2     3     4     5     6     7     8     9    10     3     4     5     6     7     8     9

clc
clear
a=[1,2,3]

a =

     1     2     3

a =[1 2 3]

a =

     1     2     3

a = [1:3]

a =

     1     2     3

disp('You see, all same');
You see, all same
uiopen('/media/tw/Users/tylwj/Coding/Matlab/Learning/rules.m',1)
disp('列向量');
列向量
clear
clc
a = [1;2;3;4;5;6]

a =

     1
     2
     3
     4
     5
     6

b = [1:8]'

b =

     1
     2
     3
     4
     5
     6
     7
     8

c = [1:2:9]

c =

     1     3     5     7     9

c'

ans =

     1
     3
     5
     7
     9

c.'

ans =

     1
     3
     5
     7
     9

d = complex(c,c) %generat complex arrays

d =

  Columns 1 through 3

   1.0000 + 1.0000i   3.0000 + 3.0000i   5.0000 + 5.0000i

  Columns 4 through 5

   7.0000 + 7.0000i   9.0000 + 9.0000i

d'

ans =

   1.0000 - 1.0000i
   3.0000 - 3.0000i
   5.0000 - 5.0000i
   7.0000 - 7.0000i
   9.0000 - 9.0000i

d.'

ans =

   1.0000 + 1.0000i
   3.0000 + 3.0000i
   5.0000 + 5.0000i
   7.0000 + 7.0000i
   9.0000 + 9.0000i

disp('So, the .转置 just used to complex array');
So, the .转置 just used to complex array
e = [1:7;7:1]

e =

     1     2     3     4     5     6     7

e = [a , b]
{??? Error using ==> horzcat
CAT arguments dimensions are not consistent.
} 
e = [a ; b]

e =

     1
     2
     3
     4
     5
     6
     1
     2
     3
     4
     5
     6
     7
     8

e = [a b]
{??? Error using ==> horzcat
CAT arguments dimensions are not consistent.
} 
clc
g = [1,3,4,5;5,3,6,3]

g =

     1     3     4     5
     5     3     6     3

h = [1:5;7:3}
??? h = [1:5;7:3}
                |
{Error: Unbalanced or unexpected parenthesis or bracket.
} 
h = [1:5;7:3]

h =

     1     2     3     4     5

h = [1:5;7:-1:3]

h =

     1     2     3     4     5
     7     6     5     4     3

clc
m = [ 1 2 3
         4:6
         2:6:14]

m =

     1     2     3
     4     5     6
     2     8    14

disp('ENTER to seperat')
ENTER to seperat
clc
clear
a = [1 : 10]

a =

     1     2     3     4     5     6     7     8     9    10

b = a - 5

b =

    -4    -3    -2    -1     0     1     2     3     4     5

c = b * 2

c =

    -8    -6    -4    -2     0     2     4     6     8    10

plot(b,'-o',c,'-.')
{??? Error using ==> plot
Not enough input arguments.
} 
plot(b,'-o',c,'-*')
{??? Error using ==> plot
Not enough input arguments.
} 
plot(b,'-o',c)
{??? Error using ==> plot
Invalid property found.
Object Name :  line
Property Name :  '-o'.
} 
plot(b,'-o')
close(figure 1)
??? close(figure 1)
                 |
{Error: Unexpected MATLAB expression.
} 
close figure 1
clc
d = abs(b)

d =

     4     3     2     1     0     1     2     3     4     5

f = [1:5;9:-1:5;3:2:13]
{??? Error using ==> vertcat
CAT arguments dimensions are not consistent.
} 
f = [1:5;9:-1:5;3:2:11]

f =

     1     2     3     4     5
     9     8     7     6     5
     3     5     7     9    11

g = 2*f - 0.5

g =

    1.5000    3.5000    5.5000    7.5000    9.5000
   17.5000   15.5000   13.5000   11.5000    9.5000
    5.5000    9.5000   13.5000   17.5000   21.5000

clc
g

g =

    1.5000    3.5000    5.5000    7.5000    9.5000
   17.5000   15.5000   13.5000   11.5000    9.5000
    5.5000    9.5000   13.5000   17.5000   21.5000

h
{??? Undefined function or variable 'h'.
} 
f

f =

     1     2     3     4     5
     9     8     7     6     5
     3     5     7     9    11

g+f

ans =

    2.5000    5.5000    8.5000   11.5000   14.5000
   26.5000   23.5000   20.5000   17.5000   14.5000
    8.5000   14.5000   20.5000   26.5000   32.5000

g-f

ans =

    0.5000    1.5000    2.5000    3.5000    4.5000
    8.5000    7.5000    6.5000    5.5000    4.5000
    2.5000    4.5000    6.5000    8.5000   10.5000

2*g-f

ans =

     2     5     8    11    14
    26    23    20    17    14
     8    14    20    26    32

clc
g

g =

    1.5000    3.5000    5.5000    7.5000    9.5000
   17.5000   15.5000   13.5000   11.5000    9.5000
    5.5000    9.5000   13.5000   17.5000   21.5000

h
{??? Undefined function or variable 'h'.
} 
f

f =

     1     2     3     4     5
     9     8     7     6     5
     3     5     7     9    11

clc
g = 2*f -1

g =

     1     3     5     7     9
    17    15    13    11     9
     5     9    13    17    21

f

f =

     1     2     3     4     5
     9     8     7     6     5
     3     5     7     9    11

f*g
{??? Error using ==> mtimes
Inner matrix dimensions must agree.
} 
f*g'

ans =

    95   175   235
   155   475   415
   215   415   535

f.*g

ans =

     1     6    15    28    45
   153   120    91    66    45
    15    45    91   153   231

f\g
{Warning: Rank deficient, rank = 2,  tol =    1.4518e-14.} 

ans =

    1.9446    1.4446    0.9446    0.4446   -0.0554
         0         0         0         0         0
         0         0         0         0         0
         0         0         0         0         0
   -0.0959    0.4041    0.9041    1.4041    1.9041

f/g
{Warning: Rank deficient, rank = 2,  tol =    3.5196e-14.} 

